9
1 2 3 4 5 6 7 8 9
9 9
0 0 0 0 0 0 0 0 0
0 0 0 0 0 0 0 0 0
0 0 0 0 0 0 0 0 0
0 0 0 0 0 0 0 0 0
0 0 0 0 0 0 0 0 0
0 0 0 0 0 0 0 0 0
0 0 0 0 0 0 0 0 0
0 0 0 0 0 0 0 0 0
0 0 0 0 0 0 0 0 0
60
9 45 1
0 0 0 1 0 2 0 3 0 4 0 5 0 6 0 7 0 8
9 45 1
1 0 1 1 1 2 1 3 1 4 1 5 1 6 1 7 1 8
9 45 1
2 0 2 1 2 2 2 3 2 4 2 5 2 6 2 7 2 8
9 45 1
3 0 3 1 3 2 3 3 3 4 3 5 3 6 3 7 3 8
9 45 1
4 0 4 1 4 2 4 3 4 4 4 5 4 6 4 7 4 8
9 45 1
5 0 5 1 5 2 5 3 5 4 5 5 5 6 5 7 5 8
9 45 1
6 0 6 1 6 2 6 3 6 4 6 5 6 6 6 7 6 8
9 45 1
7 0 7 1 7 2 7 3 7 4 7 5 7 6 7 7 7 8
9 45 1
8 0 8 1 8 2 8 3 8 4 8 5 8 6 8 7 8 8
9 45 1
0 0 1 0 2 0 3 0 4 0 5 0 6 0 7 0 8 0
9 45 1
0 1 1 1 2 1 3 1 4 1 5 1 6 1 7 1 8 1
9 45 1
0 2 1 2 2 2 3 2 4 2 5 2 6 2 7 2 8 2
9 45 1
0 3 1 3 2 3 3 3 4 3 5 3 6 3 7 3 8 3
9 45 1
0 4 1 4 2 4 3 4 4 4 5 4 6 4 7 4 8 4
9 45 1
0 5 1 5 2 5 3 5 4 5 5 5 6 5 7 5 8 5
9 45 1
0 6 1 6 2 6 3 6 4 6 5 6 6 6 7 6 8 6
9 45 1
0 7 1 7 2 7 3 7 4 7 5 7 6 7 7 7 8 7
9 45 1
0 8 1 8 2 8 3 8 4 8 5 8 6 8 7 8 8 8
9 45 1
0 0 0 1 0 2 1 0 1 1 1 2 2 0 2 1 2 2
9 45 1
0 3 0 4 0 5 1 3 1 4 1 5 2 3 2 4 2 5
9 45 1
0 6 0 7 0 8 1 6 1 7 1 8 2 6 2 7 2 8
9 45 1
3 0 3 1 3 2 4 0 4 1 4 2 5 0 5 1 5 2
9 45 1
3 3 3 4 3 5 4 3 4 4 4 5 5 3 5 4 5 5
9 45 1
3 6 3 7 3 8 4 6 4 7 4 8 5 6 5 7 5 8
9 45 1
6 0 6 1 6 2 7 0 7 1 7 2 8 0 8 1 8 2
9 45 1
6 3 6 4 6 5 7 3 7 4 7 5 8 3 8 4 8 5
9 45 1
6 6 6 7 6 8 7 6 7 7 7 8 8 6 8 7 8 8
3 21 1
0 0 1 0 2 0
2 8 1
0 1 0 2
2 11 1
0 3 0 4
3 16 1
0 5 0 6 1 6
2 10 1
0 7 0 8
2 8 1
1 1 2 1
4 25 1
1 2 2 2 2 3 2 4
2 6 1
1 3 1 4
2 8 1
1 5 2 5
2 4 1
1 7 1 8
3 15 1
2 6 2 7 3 7
2 10 1
2 8 3 8
2 11 1
3 0 4 0
3 24 1
3 1 3 2 3 3
2 6 1
3 4 3 5
3 17 1
3 6 4 6 4 7
3 13 1
4 1 4 2 5 2
3 12 1
4 3 4 4 4 5
2 10 1
4 8 5 8
2 5 1
5 0 6 0
3 18 1
5 1 6 1 6 2
2 10 1
5 3 5 4
3 19 1
5 5 5 6 5 7
2 4 1
6 3 7 3
4 18 1
6 4 6 5 6 6 7 6
2 17 1
6 7 7 7
3 14 1
6 8 7 8 8 8
2 9 1
7 0 7 1
3 14 1
7 2 8 2 8 3
2 14 1
7 4 7 5
2 7 1
8 0 8 1
2 14 1
8 4 8 5
2 7 1
8 6 8 7
