12
1 2 3 4 5 6 7 8 9 10 11 12
11 12
0 0 0 1 0 0 0 0 0 9 0 5
0 11 0 0 3 0 9 0 6 0 0 0
0 0 0 0 0 0 0 0 2 0 0 0
0 0 1 0 0 5 0 0 0 8 6 0
0 0 0 8 0 10 0 0 0 0 0 0
0 0 0 0 0 0 0 2 0 0 7 0
0 0 0 0 7 1 0 0 0 0 0 0
0 0 10 0 0 0 0 0 0 0 11 0
7 0 0 3 0 0 0 0 0 4 0 0
0 0 0 0 0 0 3 0 0 10 0 0
0 6 0 0 0 0 0 0 0 0 0 0
35
12 78 1
0 0 0 1 0 2 0 3 0 4 0 5 0 6 0 7 0 8 0 9 0 10 0 11
12 78 1
1 0 1 1 1 2 1 3 1 4 1 5 1 6 1 7 1 8 1 9 1 10 1 11
12 78 1
2 0 2 1 2 2 2 3 2 4 2 5 2 6 2 7 2 8 2 9 2 10 2 11
12 78 1
3 0 3 1 3 2 3 3 3 4 3 5 3 6 3 7 3 8 3 9 3 10 3 11
12 78 1
4 0 4 1 4 2 4 3 4 4 4 5 4 6 4 7 4 8 4 9 4 10 4 11
12 78 1
5 0 5 1 5 2 5 3 5 4 5 5 5 6 5 7 5 8 5 9 5 10 5 11
12 78 1
6 0 6 1 6 2 6 3 6 4 6 5 6 6 6 7 6 8 6 9 6 10 6 11
12 78 1
7 0 7 1 7 2 7 3 7 4 7 5 7 6 7 7 7 8 7 9 7 10 7 11
12 78 1
8 0 8 1 8 2 8 3 8 4 8 5 8 6 8 7 8 8 8 9 8 10 8 11
12 78 1
9 0 9 1 9 2 9 3 9 4 9 5 9 6 9 7 9 8 9 9 9 10 9 11
12 78 1
10 0 10 1 10 2 10 3 10 4 10 5 10 6 10 7 10 8 10 9 10 10 10 11
11 67 1
0 0 1 0 2 0 3 0 4 0 5 0 6 0 7 0 8 0 9 0 10 0
11 68 1
0 1 1 1 2 1 3 1 4 1 5 1 6 1 7 1 8 1 9 1 10 1
11 76 1
0 2 1 2 2 2 3 2 4 2 5 2 6 2 7 2 8 2 9 2 10 2
11 69 1
0 3 1 3 2 3 3 3 4 3 5 3 6 3 7 3 8 3 9 3 10 3
11 73 1
0 4 1 4 2 4 3 4 4 4 5 4 6 4 7 4 8 4 9 4 10 4
11 72 1
0 5 1 5 2 5 3 5 4 5 5 5 6 5 7 5 8 5 9 5 10 5
11 71 1
0 6 1 6 2 6 3 6 4 6 5 6 6 6 7 6 8 6 9 6 10 6
11 74 1
0 7 1 7 2 7 3 7 4 7 5 7 6 7 7 7 8 7 9 7 10 7
11 75 1
0 8 1 8 2 8 3 8 4 8 5 8 6 8 7 8 8 8 9 8 10 8
11 66 1
0 9 1 9 2 9 3 9 4 9 5 9 6 9 7 9 8 9 9 9 10 9
11 70 1
0 10 1 10 2 10 3 10 4 10 5 10 6 10 7 10 8 10 9 10 10 10
11 77 1
0 11 1 11 2 11 3 11 4 11 5 11 6 11 7 11 8 11 9 11 10 11
12 78 1
0 0 0 1 0 2 0 3 1 0 1 1 1 2 1 3 2 0 2 1 2 2 2 3
12 78 1
0 4 0 5 0 6 0 7 1 4 1 5 1 6 1 7 2 4 2 5 2 6 2 7
12 78 1
0 8 0 9 0 10 0 11 1 8 1 9 1 10 1 11 2 8 2 9 2 10 2 11
12 78 1
3 0 3 1 3 2 3 3 4 0 4 1 4 2 4 3 5 0 5 1 5 2 5 3
12 78 1
3 4 3 5 3 6 3 7 4 4 4 5 4 6 4 7 5 4 5 5 5 6 5 7
12 78 1
3 8 3 9 3 10 3 11 4 8 4 9 4 10 4 11 5 8 5 9 5 10 5 11
12 78 1
6 0 6 1 6 2 6 3 7 0 7 1 7 2 7 3 8 0 8 1 8 2 8 3
12 78 1
6 4 6 5 6 6 6 7 7 4 7 5 7 6 7 7 8 4 8 5 8 6 8 7
12 78 1
6 8 6 9 6 10 6 11 7 8 7 9 7 10 7 11 8 8 8 9 8 10 8 11
8 46 1
9 0 9 1 9 2 9 3 10 0 10 1 10 2 10 3
8 56 1
9 4 9 5 9 6 9 7 10 4 10 5 10 6 10 7
8 54 1
9 8 9 9 9 10 9 11 10 8 10 9 10 10 10 11
